7,659
29,659
31,659
32,659
34,659
36,659
37,659
38,659
39,659
40,659
41,659
43,659
46,659
48,659
50,659
53,659
56,659
58,659
60,659
62,659
64,659
67,659
68,659
70,659
74,659
77,659
78,659
81,659
82,659
84,659
85,659
86,659
87,659
88,659
90,659
91,659
93,659
95,659
97,659
99,659
101,659
102,659
104,659
106,659
108,659
111,659
116,659
118,659
119,659
121,659
123,659
124,659
125,659
126,659
127,659
129,659
130,659
132,659
135,659
137,659
139,659
141,659
142,659
146,659
148,659
149,659
152,659
153,659
155,659
159,658
166,658
169,658
171,658
175,658
177,658
178,658
179,658
180,658
183,658
185,658
186,658
189,658
190,658
192,658
193,658
194,658
195,658
196,658
198,658
202,658
203,658
204,658
205,658
210,658
212,658
216,658
217,658
218,658
219,658
221,657
222,657
224,656
225,655
227,654
229,654
230,653
232,652
233,652
233,651
234,651
235,650
237,649
237,648
237,647
238,647
238,646
239,645
239,644
240,643
240,641
240,640
241,638
242,636
243,634
243,633
244,630
245,626
245,625
245,621
246,619
247,618
247,617
247,615
248,613
248,612
248,611
248,609
248,608
248,607
249,604
250,602
250,601
250,600
250,599
250,598
250,597
250,596
250,595
250,594
250,593
250,592
250,591
250,589
251,587
251,586
251,585
251,584
251,583
251,582
251,581
251,579
251,577
251,575
251,573
251,570
251,568
251,565
251,563
252,559
253,554
254,552
254,551
254,549
255,546
255,545
255,542
255,541
255,539
255,538
255,536
255,535
255,533
255,532
256,530
256,529
256,526
257,526
257,525
257,523
258,521
258,519
258,518
258,517
258,516
258,515
258,514
258,513
258,512
258,511
258,509
258,508
258,507
258,505
258,504
258,503
258,501
258,500
258,499
258,498
258,497
258,496
258,493
258,492
258,491
258,489
258,488
258,484
258,483
258,482
258,481
258,479
258,477
258,474
258,473
258,472
258,470
258,469
258,468
258,467
258,464
258,461
258,458
258,456
257,453
256,450
256,449
256,447
256,445
255,444
255,443
254,441
254,440
253,438
253,437
253,434
253,433
253,432
253,430
251,428
251,426
251,424
251,423
250,421
249,419
249,418
249,417
248,416
247,415
247,413
246,412
246,411
245,409
245,408
244,408
244,407
243,405
243,404
243,403
242,401
241,399
241,398
241,397
240,397
240,396
240,394
240,393
240,392
239,391
238,391
238,389
237,387
236,385
236,383
235,383
234,382
234,381
232,380
232,379
231,379
229,377
228,377
226,377
224,376
223,376
220,375
216,375
213,375
209,375
204,375
202,375
200,375
198,375
195,375
194,375
192,375
188,375
186,375
185,375
182,375
181,375
180,375
177,375
175,375
174,375
171,375
169,375
167,375
166,375
165,375
163,375
162,375
161,375
160,375
158,375
156,375
154,375
153,375
152,375
150,375
148,375
146,375
145,375
142,375
140,375
139,375
138,375
137,375
135,375
134,375
133,375
132,375
131,375
130,375
129,375
128,375
126,375
125,375
122,375
121,375
120,375
118,375
117,375
116,375
114,375
113,375
111,375
109,375
108,375
107,375
106,375
104,375
103,375
102,375
100,375
99,375
97,375
95,375
94,375
93,375
92,375
91,375
90,375
88,375
87,375
86,375
85,375
84,375
83,375
82,375
81,375
80,375
79,375
78,375
77,374
76,374
75,374
74,374
73,374
72,373
71,373
70,372
68,372
66,371
64,371
62,371
61,371
59,370
58,369
58,368
57,368
56,367
55,366
54,365
53,365
53,364
52,362
52,361
52,360
51,357
51,356
51,355
50,353
50,350
49,349
49,348
49,347
48,346
48,345
48,343
48,342
48,341
47,340
47,339
47,338
47,337
47,336
47,335
47,334
47,333
47,332
47,331
47,330
47,329
47,328
47,327
47,326
47,325
47,324
47,323
47,322
46,321
46,320
46,319
46,318
46,316
46,315
46,314
46,313
46,311
45,310
45,307
45,306
45,303
44,302
44,301
43,299
43,298
43,297
43,296
43,295
42,293
42,292
42,291
42,290
42,289
42,287
41,283
41,281
41,280
41,279
41,278
41,277
41,276
41,275
41,274
41,272
41,271
41,270
41,269
41,267
41,265
41,264
41,263
41,261
41,260
41,259
42,257
42,256
42,254
42,253
42,252
43,250
44,247
44,246
45,244
46,241
46,239
46,238
47,237
47,236
48,235
49,233
50,231
50,230
50,229
51,227
52,227
52,226
52,225
52,224
53,223
54,221
54,220
55,219
55,217
56,216
57,215
57,214
58,213
59,211
60,210
60,209
61,209
62,208
62,207
63,206
63,205
64,204
65,204
67,202
67,201
68,201
68,200
69,199
70,198
71,197
71,195
72,195
72,194
74,193
76,192
77,191
79,191
81,189
84,188
86,187
87,187
88,186
90,185
91,184
93,184
94,183
95,183
97,182
98,182
101,180
103,180
106,179
110,178
111,177
113,176
115,176
115,175
117,174
120,174
122,173
123,172
124,172
125,171
126,170
127,170
129,170
133,170
136,169
140,168
143,167
145,167
146,167
149,166
152,166
159,164
160,164
161,164
162,164
163,164
164,163
165,163
169,162
170,162
171,162
172,162
173,162
174,161
176,160
178,160
182,159
185,159
187,159
189,159
190,159
191,159
192,159
194,158
196,157
199,157
200,157
203,156
211,154
214,153
219,152
224,152
227,151
229,151
233,150
238,149
241,149
243,148
244,148
246,147
247,147
249,147
250,147
252,147
253,147
254,147
257,147
259,147
260,147
262,147
264,147
265,147
266,147
267,147
268,147
270,147
272,147
275,147
278,147
280,147
282,147
286,147
287,147
288,147
289,147
290,147
293,147
296,147
298,147
300,147
301,147
302,147
303,147
304,147
306,147
307,147
310,147
311,147
312,147
313,147
314,147
315,147
316,147
317,147
319,147
320,147
321,147
322,147
323,147
326,147
327,147
329,148
331,148
332,148
334,148
336,148
340,148
341,149
342,149
343,149
344,149
345,149
347,150
348,150
349,150
351,150
353,151
354,152
355,152
357,152
359,153
361,154
363,154
363,155
365,155
368,157
370,158
371,159
372,159
374,159
375,160
377,161
379,162
380,162
381,163
382,164
383,164
385,165
387,166
388,167
389,168
390,168
391,169
393,170
393,171
394,171
395,172
396,172
396,173
397,174
398,175
398,176
399,177
399,178
399,179
399,180
400,182
400,183
401,186
402,187
402,188
403,189
403,192
404,193
405,194
405,195
405,196
406,197
406,198
407,199
407,200
408,202
409,203
409,204
410,205
410,206
411,206
412,208
412,210
412,211
412,213
412,214
412,215
413,217
413,218
413,219
413,220
414,223
414,224
414,225
415,227
415,228
416,230
416,232
416,234
416,235
417,237
418,240
419,242
419,243
419,244
420,248
420,249
420,252
421,254
422,255
422,258
423,261
424,264
424,265
425,268
426,270
427,275
427,277
427,281
427,282
428,285
429,286
429,287
429,288
429,289
430,291
430,292
431,295
431,297
431,299
432,303
432,304
432,305
433,308
433,310
433,311
434,313
435,317
435,320
436,323
437,325
437,326
437,328
437,329
437,331
437,333
437,334
438,337
438,338
438,340
439,344
440,345
440,346
440,348
440,349
440,350
440,351
440,354
440,357
440,360
440,361
440,362
440,364
440,365
440,366
440,368
440,369
440,371
440,373
440,374
440,378
440,381
440,382
440,385
440,388
440,389
440,391
440,394
440,397
440,402
440,403
440,405
440,406
440,407
440,409
440,410
440,412
440,413
440,417
440,419
440,421
440,423
440,426
440,427
440,429
440,433
440,436
440,439
440,442
440,443
440,446
440,447
440,449
440,450
440,453
440,456
440,457
440,458
440,461
440,462
440,463
440,465
440,466
440,467
440,468
440,470
440,472
440,474
440,476
440,477
440,478
440,480
440,481
440,483
440,484
441,486
441,488
441,490
441,493
441,496
441,498
442,501
442,502
442,504
442,505
442,506
442,509
442,511
442,512
442,514
442,516
442,518
442,519
443,523
444,526
445,529
445,531
445,532
445,533
445,534
445,536
445,537
445,540
445,541
445,542
447,546
447,548
447,549
447,550
448,552
448,554
448,555
449,557
449,558
449,559
449,560
449,562
449,564
449,567
449,568
449,569
449,570
449,571
449,572
449,574
449,575
449,577
449,578
449,580
450,584
451,586
451,587
451,589
451,590
451,591
451,592
451,593
451,594
452,596
452,597
453,599
454,600
454,602
455,603
456,606
457,609
458,610
458,612
459,613
460,615
460,616
461,617
462,618
462,620
463,621
464,621
465,623
465,624
468,625
485,628
490,629
491,629
493,630
494,631
495,631
496,631
499,631
500,631
501,631
503,632
504,632
506,633
507,633
509,633
511,634
512,634
513,634
515,635
517,635
518,635
523,635
525,635
529,635
532,635
538,636
540,636
544,636
546,636
547,636
550,636
551,636
553,636
554,636
557,636
559,636
561,636
562,636
565,636
567,636
568,636
572,636
573,636
575,636
576,636
579,636
581,636
583,636
584,636
586,636
588,636
590,636
592,636
594,636
597,636
598,636
599,636
600,636
602,636
603,636
605,636
606,636
608,636
609,636
614,636
617,636
619,636
620,636
621,636
622,636
623,636
625,636
627,635
628,635
630,635
631,635
633,635
635,634
636,634
637,634
639,634
641,634
643,633
645,632
646,631
647,631
650,630
651,630
652,629
653,629
655,628
656,628
658,627
659,627
660,627
663,626
663,625
665,624
667,624
668,623
669,623
670,622
671,622
672,622
673,621
674,621
675,621
676,621
677,620
678,619
680,618
682,617
683,617
688,616
690,616
692,615
696,614
697,614
700,613
702,612
705,612
706,612
708,612
709,611
710,611
713,610
714,610
718,609
721,609
723,608
724,607
725,607
726,607
728,605
730,605
730,604
732,602
735,601
736,599
737,598
738,597
738,596
739,594
740,593
741,592
742,591
743,589
745,588
745,586
746,585
746,584
747,583
748,582
748,581
749,580
750,579
750,577
750,576
751,575
752,572
752,571
753,570
753,569
754,567
754,566
754,564
754,563
754,562
754,561
754,560
755,559
756,558
756,557
756,556
756,555
756,551
756,549
756,547
756,545
756,544
756,542
756,540
756,539
756,538
756,536
756,534
756,532
756,529
756,528
756,527
757,524
757,523
757,521
757,519
757,518
757,516
757,515
757,512
757,509
757,507
757,506
757,505
757,504
757,502
757,501
757,500
757,498
757,497
757,496
757,493
757,492
757,490
757,488
757,486
757,485
757,484
757,480
757,478
757,474
757,472
757,470
757,468
757,467
757,466
757,465
757,462
757,461
757,458
757,456
757,455
757,452
757,451
757,450
757,445
757,441
757,439
757,437
757,436
757,435
757,434
757,431
757,429
757,427
757,425
757,424
757,422
757,420
757,416
757,414
757,412
757,408
757,407
757,406
757,405
757,402
757,401
757,398
757,397
757,396
757,395
757,394
757,393
757,392
757,388
757,387
757,385
757,381
757,380
757,379
757,377
757,376
757,374
757,372
757,370
757,367
757,365
757,362
757,361
757,360
756,358
756,357
755,354
755,352
754,349
753,347
753,346
753,345
753,343
752,341
751,338
751,335
750,333
749,331
749,330
748,329
748,328
748,327
747,324
746,323
746,322
746,318
746,317
745,315
745,314
745,313
745,312
744,311
744,309
743,307
743,306
742,302
742,300
742,299
741,296
741,295
741,294
741,292
741,291
740,289
739,287
738,284
738,280
738,278
737,275
737,273
737,271
736,269
735,268
735,266
735,265
735,263
735,261
735,260
734,258
734,256
734,255
734,253
734,251
733,248
733,247
733,246
733,245
733,244
733,243
733,242
733,240
733,239
733,238
733,237
733,233
733,232
733,230
733,229
733,228
733,227
733,225
733,224
733,223
733,220
733,219
733,217
733,215
733,213
733,212
733,208
733,207
733,206
733,205
733,204
733,203
733,202
732,200
732,199
732,198
731,196
731,195
731,194
731,193
731,192
731,191
731,190
731,189
730,186
730,185
730,184
729,181
729,180
729,179
728,178
728,177
728,176
727,175
727,173
727,172
727,171
727,169
727,168
727,167
727,166
727,165
727,164
727,163
727,162
727,160
727,159
727,158
727,157
727,156
727,155
727,154
727,153
727,152
727,150
727,149
727,148
727,147
727,146
727,145
727,144
727,143
728,141
728,140
728,139
728,138
729,137
729,135
730,135
731,134
731,132
732,130
733,129
734,129
734,128
735,127
735,126
735,125
737,124
739,122
740,121
741,121
742,120
743,119
744,119
745,118
746,118
747,118
748,117
750,116
751,115
752,115
753,115
754,115
755,114
757,113
761,111
763,111
766,111
768,110
769,109
770,109
773,108
784,106
785,106
787,106
790,106
792,106
795,106
797,106
799,106
800,106
801,106
802,106
803,106
805,105
808,104
810,104
813,104
817,104
819,104
822,104
824,104
827,104
829,104
830,104
832,104
833,104
834,104
835,104
837,104
839,104
840,103
844,102
847,101
848,101
853,101
855,101
856,101
858,101
859,101
860,101
862,101
864,101
866,101
872,99
875,98
878,98
881,98
883,98
885,98
887,98
889,98
891,98
894,98
900,98
903,98
906,98
914,98
917,98
920,98
923,98
928,98
933,98
936,98
939,98
942,98
945,98
947,98
950,98
952,98
953,98
955,98
957,98
962,98
965,98
967,98
972,98
975,98
977,98
978,98
980,98
982,98
985,98
988,98
994,98
1000,98
1003,98
1004,98
1005,98
1006,98
1007,98
1008,98
1010,98
1013,98
1016,98
1017,98
1019,98
1021,98
